  1 3 4 5 12 2 14 6 11 13 15 7 0 10 9 8
  12 1 3 0 11 2 15 14 10 13 8 4 9 7 6 5
  12 1 3 4 11 2 14 5 0 13 15 6 10 9 8 7


  11 1 2 3 12 15 13 4 9 10 14 5 8 7 0 6
  11 1 2 0 15 10 12 3 9 14 13 4 8 7 6 5
  11 12 1 5 10 2 4 6 9 13 3 7 8 0 14 15
  12 1 2 3 10 11 13 14 6 4 5 0 15 9 8 7





  
12 1  3 4    0 1 2 3
11 2 14 5	 4 5 6 7
0 13 15 6    8 9 10 11
10 9  8 7    12 13 14 15


12 	1  3 4 
11 13 14 5
 0  2 15 6  
10  9  8 7

1 2 3 4
12 13 14 5
11 0 15 6
10 9 8 7           12,1,11,2,0,13


1 3 4 5
12 2 14 6 
11 13 15 7         3,4,5,2,6,13,7,0,10,9,8 
0 10 9 8