 2 11 3 14 0 1 15 4 10 12 8 5 9 13 7 6

 0 1 3 14 12 2 15 4 11 10 13 8 9 7 6 5

 0 11 12 1 10 2 14 3 9 13 15 4 8 7 6 5

 14 8 4 5 3 15 10 6 2 13 11 7 1 9 12 0

 3 13 4 5 1 11 15 6 14 12 9 7 2 0 10 8

 2 12 3 4 1 14 5 6 9 15 0 7 11 10 8 13

 15 0 4 5 13 1 14 7 3 2 6 8 12 11 10 9

 13 0 12 5 3 14 6 7 2 4 15 8 11 10 1 9

 10 11 12 14 9 0 1 15 13 2 7 3 8 6 5 4

 0 15 14 12 8 4 5 1 10 11 13 2 3 9 7 6


  0 10 14 11 9 8 15 12 7 5 13 1 4 6 3 2

 22 - 0.007       
 25 - 0.04
 27 - 0.004
 39 - 0.09
 31 - 0.11
 21 - 0.01
 34 - 0.07
 40 - 0.7
 39 - 0.01
 47 - 2
 63 - 10




